100027
100061
100085
100094
100107
100108
100113
100114
100124
100147
100156
100158
100167
100173
100188
100190
100192
100197
100199
100232
100235
100238
100260
101294
101309
101316
101317
101321
101326
101347
101349
101353
101357
101362
101377
101391
101392
101409
101421
101431
101440
101464
101478
101490
101704
101705
101712
102163
102283
102294
102296
102322
102323
102325
102344
102345
102347
102350
102351
102355
102357
102369
102370
102378
102387
102392
102415
102423
102426
102435
102446
102447
102452
102453
102454
102461
102466
102467
102477
102487
102492
102498
102499
102502
102504
102506
102510
102511
102519
102524
102526
102529
102538
102545
103683
103688
103692
103696
103698
103700
103703
